30 30
97
5 24 4 24
18 19 18 20
21 3 20 3
11 18 10 18
5 15 4 15
1 27 1 28
6 8 5 8
21 24 21 25
8 18 7 18
19 10 19 11
2 2 2 3
28 0 28 1
29 4 29 5
23 10 22 10
2 6 1 6
16 20 16 21
25 13 25 14
19 1 18 1
26 12 25 12
1 20 1 21
21 26 20 26
8 9 7 9
6 5 6 6
26 22 26 23
20 10 20 11
30 17 29 17
5 17 5 18
24 29 24 30
6 19 5 19
8 14 8 15
4 23 3 23
3 17 2 17
24 17 24 18
21 12 21 13
9 13 9 14
4 28 3 28
1 9 1 10
19 2 19 3
11 7 10 7
13 25 12 25
17 14 17 15
1 4 1 5
10 13 9 13
13 16 12 16
4 2 3 2
13 2 13 3
29 12 28 12
12 27 12 28
14 16 13 16
3 6 3 7
15 27 15 28
6 29 5 29
23 16 22 16
12 3 12 4
24 12 24 13
15 14 15 15
17 13 16 13
16 24 16 25
28 17 28 18
8 25 8 26
30 12 30 13
1 21 1 22
25 0 25 1
18 16 17 16
16 26 16 27
25 25 25 26
2 8 1 8
8 23 8 24
2 20 1 20
11 11 11 12
18 5 17 5
7 18 7 19
30 24 29 24
11 27 11 28
8 4 8 5
16 2 16 3
17 27 17 28
26 16 26 17
28 24 27 24
8 19 8 20
1 15 1 16
22 22 22 23
9 22 9 23
2 15 1 15
5 8 5 9
11 2 11 3
16 19 16 20
1 1 1 2
30 4 30 5
23 21 23 22
27 5 26 5
24 10 24 11
21 1 20 1
30 5 30 6
9 11 9 12
13 28 12 28
2 10 1 10
