50 50
896
42 27 41 27
6 25 6 26
33 49 33 50
11 14 10 14
19 23 18 23
27 33 27 34
2 38 1 38
14 32 14 33
9 12 8 12
8 20 8 21
28 39 27 39
14 34 14 35
32 12 31 12
28 38 28 39
8 40 7 40
43 26 42 26
25 19 24 19
9 36 9 37
16 29 15 29
46 9 45 9
27 9 27 10
2 17 2 18
16 28 16 29
35 15 35 16
26 12 25 12
50 27 50 28
23 6 22 6
7 17 6 17
33 24 32 24
22 12 22 13
50 1 50 2
23 28 23 29
20 0 19 0
38 48 38 49
41 1 41 2
24 44 24 45
11 12 10 12
36 5 36 6
5 11 4 11
46 20 46 21
44 15 43 15
9 5 8 5
22 35 22 36
49 38 48 38
10 19 9 19
42 46 41 46
48 26 47 26
41 8 40 8
17 43 16 43
22 46 21 46
45 45 45 46
31 18 30 18
2 31 1 31
38 25 37 25
25 14 24 14
47 39 46 39
14 22 14 23
5 5 5 6
1 48 1 49
2 42 2 43
5 18 5 19
1 40 1 41
32 27 32 28
23 47 23 48
6 1 5 1
37 42 36 42
47 4 46 4
2 14 1 14
1 44 1 45
3 13 3 14
28 2 28 3
2 31 2 32
13 45 13 46
11 33 10 33
32 22 32 23
12 13 11 13
44 47 44 48
10 7 9 7
23 40 22 40
14 10 13 10
48 46 48 47
48 24 47 24
15 12 14 12
3 0 2 0
47 38 47 39
45 29 44 29
47 36 46 36
13 2 12 2
40 30 40 31
36 36 36 37
41 5 41 6
40 10 40 11
19 1 18 1
14 15 14 16
42 23 41 23
1 26 0 26
49 38 49 39
21 16 21 17
21 47 21 48
31 15 31 16
12 35 11 35
50 43 49 43
27 35 27 36
35 17 35 18
49 22 48 22
41 0 41 1
10 40 9 40
50 8 49 8
43 15 43 16
31 21 31 22
20 8 20 9
5 15 4 15
21 0 20 0
25 44 25 45
17 46 16 46
13 26 12 26
25 39 24 39
24 25 23 25
34 10 34 11
23 34 22 34
42 7 41 7
3 30 3 31
28 21 27 21
37 6 37 7
41 11 40 11
42 42 42 43
35 29 35 30
38 39 38 40
28 22 28 23
32 4 32 5
34 40 34 41
35 44 34 44
35 6 34 6
45 7 45 8
21 21 21 22
21 11 21 12
26 37 26 38
45 1 45 2
37 14 36 14
17 14 17 15
15 43 15 44
39 29 39 30
11 18 10 18
19 46 19 47
40 25 40 26
20 16 20 17
39 34 38 34
3 1 3 2
16 16 15 16
6 15 5 15
41 21 41 22
14 37 14 38
46 38 46 39
35 14 34 14
34 1 33 1
8 6 7 6
14 12 14 13
17 30 17 31
27 7 26 7
10 8 9 8
13 31 12 31
18 6 18 7
15 20 14 20
46 40 45 40
49 20 49 21
40 9 40 10
14 9 13 9
41 15 40 15
34 14 33 14
24 47 24 48
23 23 23 24
43 37 42 37
28 20 28 21
48 2 47 2
5 44 4 44
6 35 6 36
38 29 38 30
48 4 48 5
20 25 19 25
1 3 0 3
5 6 4 6
10 6 9 6
23 35 22 35
41 12 41 13
5 42 4 42
7 46 6 46
47 49 47 50
10 19 10 20
6 1 6 2
21 44 20 44
28 14 27 14
1 46 0 46
49 13 48 13
28 42 28 43
20 36 19 36
43 42 43 43
20 43 20 44
27 48 26 48
28 21 28 22
20 23 19 23
37 9 36 9
18 41 18 42
42 15 42 16
38 37 38 38
49 13 49 14
8 9 7 9
36 37 35 37
31 34 30 34
5 38 5 39
40 48 39 48
33 30 32 30
14 23 14 24
12 29 12 30
30 19 29 19
44 33 43 33
5 10 4 10
36 16 35 16
29 46 29 47
22 44 22 45
17 42 16 42
28 11 27 11
36 34 35 34
1 9 1 10
30 14 29 14
20 44 19 44
50 37 49 37
5 40 5 41
37 14 37 15
35 31 34 31
30 46 30 47
34 18 34 19
18 10 17 10
50 15 49 15
50 6 49 6
26 1 26 2
27 20 27 21
41 13 40 13
13 23 13 24
44 1 44 2
44 31 44 32
10 32 10 33
15 49 14 49
50 9 49 9
41 27 40 27
32 45 32 46
43 28 42 28
46 15 46 16
46 25 46 26
32 24 32 25
21 39 21 40
45 44 45 45
39 12 38 12
2 1 2 2
29 42 28 42
22 25 21 25
22 13 22 14
19 46 18 46
35 10 35 11
3 15 3 16
48 11 48 12
9 45 9 46
2 3 2 4
16 40 15 40
29 14 29 15
37 23 36 23
11 13 11 14
36 2 36 3
7 13 7 14
25 38 24 38
35 6 35 7
33 39 32 39
15 5 15 6
16 11 16 12
48 27 48 28
33 35 33 36
49 37 49 38
32 25 32 26
42 4 42 5
17 28 16 28
50 20 50 21
29 13 28 13
35 5 35 6
23 19 23 20
38 4 38 5
20 3 19 3
35 14 35 15
30 31 30 32
45 28 44 28
25 1 25 2
43 40 43 41
36 9 35 9
46 4 46 5
49 10 48 10
30 37 30 38
9 6 8 6
40 6 40 7
41 22 41 23
37 18 36 18
7 41 7 42
6 14 6 15
28 19 28 20
2 28 2 29
12 33 12 34
2 29 1 29
40 23 40 24
25 42 25 43
23 49 22 49
32 3 31 3
32 29 32 30
13 6 13 7
22 46 22 47
9 46 8 46
17 38 16 38
18 43 17 43
47 31 47 32
34 48 34 49
7 34 7 35
5 40 4 40
26 5 25 5
13 30 13 31
33 1 33 2
36 20 35 20
18 22 17 22
19 29 18 29
24 38 23 38
23 34 23 35
1 7 0 7
19 4 19 5
21 5 20 5
45 16 45 17
49 30 49 31
40 28 39 28
39 41 38 41
15 9 14 9
47 45 47 46
33 13 32 13
50 34 50 35
17 44 16 44
11 37 11 38
15 18 14 18
20 47 20 48
46 20 45 20
50 46 50 47
6 30 6 31
10 33 10 34
21 39 20 39
30 38 29 38
5 32 4 32
39 42 39 43
24 31 23 31
36 30 35 30
12 22 11 22
4 31 3 31
3 9 2 9
11 48 10 48
24 9 23 9
6 26 6 27
34 16 34 17
45 29 45 30
31 37 31 38
15 12 15 13
25 42 24 42
20 49 19 49
12 45 11 45
14 0 13 0
16 4 15 4
48 30 48 31
4 6 3 6
46 41 45 41
18 30 18 31
14 13 13 13
25 30 24 30
16 23 16 24
42 6 41 6
44 21 43 21
7 9 6 9
14 33 14 34
8 19 8 20
16 7 16 8
34 14 34 15
14 40 13 40
34 37 33 37
11 37 10 37
49 49 49 50
31 25 30 25
6 46 5 46
26 10 25 10
3 4 3 5
23 27 23 28
5 43 5 44
18 33 17 33
38 47 38 48
45 6 44 6
8 29 8 30
43 24 42 24
34 15 33 15
26 11 25 11
19 21 19 22
47 6 47 7
35 46 35 47
39 20 38 20
7 30 6 30
49 46 49 47
43 22 42 22
48 29 47 29
31 49 31 50
3 8 2 8
10 48 9 48
4 11 3 11
27 23 27 24
45 40 44 40
31 35 31 36
33 20 33 21
9 3 8 3
5 8 5 9
21 28 21 29
12 25 11 25
1 20 1 21
32 17 32 18
20 13 19 13
29 40 29 41
32 23 32 24
44 17 43 17
12 10 11 10
39 4 38 4
10 3 9 3
41 28 40 28
47 12 47 13
17 29 17 30
45 11 44 11
10 31 10 32
22 5 22 6
45 47 44 47
48 6 48 7
40 45 40 46
20 20 19 20
16 35 16 36
25 21 25 22
46 9 46 10
14 3 14 4
23 45 22 45
32 26 32 27
46 7 45 7
2 10 2 11
33 25 33 26
3 39 2 39
18 26 17 26
45 2 45 3
36 12 35 12
41 29 41 30
36 12 36 13
29 1 28 1
6 43 6 44
21 40 21 41
31 7 30 7
33 40 33 41
16 15 16 16
39 11 38 11
11 41 11 42
4 13 4 14
3 35 3 36
5 7 4 7
45 19 44 19
30 18 30 19
41 10 41 11
3 29 2 29
15 47 15 48
42 47 41 47
18 0 17 0
16 37 15 37
4 15 4 16
36 15 36 16
49 2 48 2
46 40 46 41
29 16 29 17
3 16 3 17
19 16 19 17
31 20 30 20
16 35 15 35
1 10 1 11
47 20 47 21
37 17 37 18
7 23 6 23
9 47 9 48
34 41 34 42
20 0 20 1
1 49 0 49
37 1 37 2
11 49 11 50
45 11 45 12
2 26 1 26
31 1 30 1
24 47 23 47
4 46 3 46
38 15 38 16
8 31 8 32
35 10 34 10
11 16 11 17
10 28 9 28
18 8 17 8
14 38 14 39
21 27 21 28
11 24 10 24
20 27 19 27
34 47 34 48
24 21 24 22
46 17 45 17
22 34 21 34
14 27 13 27
46 8 45 8
41 3 40 3
47 37 47 38
18 42 17 42
3 12 2 12
35 25 34 25
21 29 20 29
34 2 34 3
5 25 4 25
44 8 44 9
31 43 31 44
21 22 20 22
27 11 27 12
47 48 47 49
50 39 49 39
4 18 4 19
26 5 26 6
17 24 17 25
18 15 18 16
18 36 18 37
18 38 17 38
30 11 29 11
47 41 46 41
42 29 41 29
2 39 2 40
7 12 7 13
8 23 7 23
43 10 42 10
39 17 39 18
14 41 14 42
47 40 46 40
13 19 13 20
33 45 32 45
17 22 17 23
38 18 37 18
19 32 19 33
1 39 1 40
16 7 15 7
2 38 2 39
49 28 48 28
46 38 45 38
15 7 15 8
39 5 39 6
49 23 49 24
10 20 10 21
24 13 24 14
15 1 14 1
33 37 33 38
16 48 16 49
23 4 23 5
10 1 9 1
14 25 13 25
36 0 36 1
34 49 33 49
23 35 23 36
24 8 24 9
40 39 40 40
26 3 25 3
28 27 28 28
29 10 29 11
32 46 32 47
43 12 42 12
48 37 48 38
2 0 2 1
11 38 11 39
24 2 23 2
49 42 48 42
17 17 17 18
22 41 21 41
17 29 16 29
15 34 15 35
16 19 16 20
46 21 46 22
17 23 17 24
34 16 33 16
47 6 46 6
8 23 8 24
32 4 31 4
9 27 9 28
7 42 7 43
40 32 40 33
21 46 21 47
27 29 27 30
39 23 39 24
3 43 3 44
39 14 38 14
31 33 31 34
12 17 11 17
48 45 48 46
18 25 17 25
27 24 27 25
4 39 3 39
10 6 10 7
18 29 18 30
50 28 49 28
6 8 6 9
2 35 2 36
20 32 19 32
29 21 28 21
25 20 24 20
39 31 38 31
18 28 17 28
10 12 9 12
3 27 3 28
44 5 44 6
1 31 1 32
4 43 4 44
13 31 13 32
40 0 40 1
10 23 9 23
19 35 18 35
10 46 10 47
14 21 13 21
38 7 37 7
18 16 17 16
7 44 6 44
43 19 42 19
11 22 10 22
36 22 35 22
40 49 40 50
34 20 33 20
40 41 40 42
22 19 22 20
31 18 31 19
19 15 19 16
48 28 48 29
40 16 40 17
28 34 27 34
12 41 12 42
48 3 47 3
13 29 13 30
37 29 37 30
34 35 34 36
15 11 15 12
7 0 7 1
24 4 23 4
17 36 17 37
46 32 46 33
14 43 13 43
25 24 25 25
10 10 9 10
33 11 33 12
6 22 6 23
7 30 7 31
43 21 43 22
9 34 9 35
44 2 44 3
31 32 31 33
46 24 46 25
18 38 18 39
19 3 19 4
2 16 2 17
43 4 42 4
32 20 32 21
3 29 3 30
36 21 36 22
27 35 26 35
35 23 34 23
33 17 32 17
34 7 34 8
20 21 20 22
11 28 11 29
21 24 20 24
23 22 22 22
43 14 42 14
21 13 21 14
14 45 14 46
1 19 0 19
16 26 16 27
18 2 18 3
20 6 19 6
11 42 11 43
34 37 34 38
29 36 28 36
26 36 26 37
11 34 11 35
4 24 4 25
4 4 3 4
29 24 28 24
6 18 6 19
36 46 36 47
36 13 36 14
18 31 18 32
3 14 2 14
33 36 33 37
7 31 6 31
37 12 37 13
6 20 6 21
25 49 24 49
2 18 2 19
15 19 14 19
1 42 1 43
26 16 25 16
9 33 8 33
39 9 38 9
41 1 40 1
31 8 31 9
10 30 10 31
20 48 19 48
42 16 41 16
39 33 38 33
13 41 13 42
44 32 44 33
12 7 12 8
50 31 50 32
32 36 32 37
35 35 35 36
5 49 4 49
30 45 30 46
48 35 48 36
50 39 50 40
5 0 4 0
27 13 26 13
37 13 36 13
16 22 15 22
21 38 21 39
4 19 4 20
44 40 44 41
33 44 33 45
33 18 32 18
49 9 49 10
4 21 3 21
25 40 24 40
48 32 47 32
41 39 40 39
31 13 30 13
2 9 1 9
17 41 17 42
9 40 8 40
37 45 36 45
29 33 29 34
36 34 36 35
2 24 1 24
26 38 25 38
2 34 2 35
11 4 10 4
1 30 0 30
36 43 35 43
41 47 41 48
50 30 49 30
31 12 30 12
34 46 33 46
12 9 11 9
8 37 8 38
11 45 11 46
9 22 8 22
19 13 19 14
28 42 27 42
42 19 41 19
7 38 7 39
37 36 37 37
40 29 40 30
7 14 7 15
36 3 36 4
35 21 34 21
46 2 45 2
29 48 29 49
2 22 2 23
26 13 26 14
40 31 40 32
20 35 20 36
25 15 24 15
33 49 32 49
45 33 45 34
45 13 45 14
42 18 41 18
38 24 38 25
3 0 3 1
49 8 49 9
5 29 5 30
16 31 16 32
4 23 4 24
29 32 28 32
47 7 46 7
22 14 21 14
24 42 23 42
4 9 3 9
27 46 27 47
42 20 41 20
44 28 43 28
49 28 49 29
33 29 32 29
46 12 45 12
40 26 39 26
38 39 37 39
21 34 21 35
42 49 41 49
31 24 30 24
4 25 4 26
24 3 24 4
39 17 38 17
2 22 1 22
24 48 23 48
25 2 24 2
18 10 18 11
25 45 24 45
2 23 2 24
33 7 32 7
11 30 10 30
1 45 0 45
8 35 8 36
20 35 19 35
22 22 21 22
11 33 11 34
38 3 37 3
23 38 23 39
41 34 41 35
41 37 41 38
16 0 16 1
37 42 37 43
37 38 36 38
33 13 33 14
28 17 28 18
10 5 10 6
42 1 42 2
3 30 2 30
49 5 48 5
26 46 26 47
7 10 7 11
23 4 22 4
26 30 25 30
27 22 26 22
47 19 46 19
38 4 37 4
35 21 35 22
47 9 47 10
20 7 19 7
30 39 30 40
46 31 46 32
33 42 33 43
22 13 21 13
19 10 18 10
23 32 23 33
10 2 10 3
3 19 2 19
44 16 44 17
48 12 47 12
48 16 47 16
8 46 8 47
41 2 40 2
50 9 50 10
31 19 30 19
7 48 6 48
17 34 17 35
13 5 12 5
37 0 37 1
20 7 20 8
1 13 1 14
35 48 35 49
48 15 48 16
23 3 23 4
16 16 16 17
31 39 30 39
8 34 8 35
9 32 8 32
43 31 43 32
8 20 7 20
3 49 2 49
4 36 4 37
24 48 24 49
48 43 47 43
35 44 35 45
37 11 37 12
11 45 10 45
39 15 39 16
2 12 2 13
49 11 49 12
22 49 22 50
26 46 25 46
8 0 7 0
41 33 41 34
40 11 40 12
31 0 31 1
34 29 34 30
12 28 11 28
39 49 38 49
17 35 16 35
43 33 43 34
30 30 29 30
44 19 44 20
13 7 13 8
37 45 37 46
13 48 13 49
27 1 27 2
7 4 6 4
2 16 1 16
2 43 2 44
