100 100
2219
34 9 33 9
20 64 19 64
24 29 23 29
72 3 71 3
51 59 50 59
38 66 37 66
43 94 42 94
18 73 18 74
22 33 21 33
12 41 12 42
34 79 34 80
81 8 81 9
66 17 66 18
73 36 72 36
27 25 26 25
91 23 90 23
57 53 57 54
38 85 38 86
27 87 26 87
73 29 73 30
84 77 83 77
65 73 65 74
78 7 78 8
93 85 92 85
67 87 67 88
43 97 43 98
21 67 21 68
98 25 98 26
97 42 96 42
52 44 51 44
40 47 40 48
14 84 13 84
56 81 56 82
29 56 29 57
69 2 69 3
42 52 42 53
72 10 72 11
18 10 18 11
81 1 80 1
25 68 24 68
55 82 55 83
100 84 100 85
84 49 84 50
45 73 45 74
71 81 71 82
11 69 11 70
83 67 82 67
19 34 19 35
24 90 23 90
31 98 31 99
100 87 99 87
71 72 71 73
39 49 39 50
30 51 29 51
85 22 85 23
3 46 2 46
98 18 97 18
41 16 41 17
13 95 12 95
49 74 48 74
87 87 87 88
63 61 62 61
93 67 92 67
85 93 84 93
53 6 53 7
60 89 60 90
56 91 56 92
74 81 73 81
68 65 68 66
53 57 52 57
54 57 53 57
25 33 25 34
96 28 95 28
17 8 16 8
96 65 95 65
42 13 41 13
34 34 33 34
55 38 55 39
3 69 3 70
10 73 9 73
25 24 24 24
61 27 60 27
39 60 38 60
96 19 96 20
93 0 92 0
43 26 43 27
66 16 66 17
80 58 79 58
23 95 23 96
61 59 61 60
33 0 32 0
2 12 1 12
65 17 64 17
24 30 24 31
12 30 12 31
68 90 67 90
98 79 97 79
82 85 81 85
36 93 36 94
48 25 48 26
31 43 31 44
86 1 85 1
13 60 12 60
5 45 5 46
8 66 7 66
46 91 46 92
73 18 72 18
48 70 48 71
82 73 82 74
12 32 11 32
7 18 6 18
6 75 5 75
62 16 62 17
60 87 60 88
72 32 72 33
75 9 75 10
82 75 81 75
47 27 46 27
40 95 39 95
30 37 29 37
90 94 90 95
77 80 76 80
2 53 2 54
6 18 6 19
67 92 66 92
21 58 20 58
59 26 59 27
44 74 44 75
45 13 44 13
30 48 29 48
61 16 60 16
86 14 86 15
64 62 63 62
2 91 1 91
62 23 61 23
27 79 26 79
29 61 29 62
86 90 85 90
94 51 94 52
72 93 71 93
7 59 6 59
3 56 3 57
34 64 33 64
71 50 71 51
13 6 13 7
35 66 35 67
53 46 53 47
63 26 63 27
65 65 65 66
74 42 73 42
31 50 30 50
27 85 26 85
93 31 93 32
52 5 51 5
21 39 20 39
95 24 94 24
92 31 91 31
32 27 32 28
81 81 81 82
36 20 35 20
75 37 74 37
1 79 0 79
90 31 89 31
80 66 80 67
62 12 62 13
10 82 9 82
4 3 4 4
91 63 91 64
79 91 78 91
14 73 14 74
55 53 55 54
26 93 26 94
70 41 70 42
71 95 70 95
4 72 4 73
98 82 98 83
15 72 15 73
86 32 86 33
28 26 27 26
70 93 69 93
26 5 26 6
30 25 30 26
62 97 62 98
18 86 17 86
97 78 96 78
57 41 56 41
10 84 9 84
84 80 84 81
3 9 3 10
11 83 10 83
4 13 3 13
90 46 89 46
58 56 58 57
27 44 26 44
69 72 68 72
28 96 28 97
33 29 32 29
34 40 34 41
85 53 85 54
56 5 55 5
8 7 7 7
8 83 8 84
6 23 6 24
36 47 36 48
34 60 33 60
25 66 25 67
33 16 33 17
44 37 44 38
47 76 47 77
73 1 72 1
92 41 91 41
15 54 15 55
42 11 41 11
76 87 75 87
9 1 9 2
12 60 12 61
59 53 59 54
5 42 4 42
85 36 84 36
30 22 30 23
90 39 89 39
43 11 43 12
25 38 24 38
69 61 69 62
79 36 78 36
40 88 39 88
40 49 40 50
73 16 73 17
91 0 91 1
10 23 9 23
9 34 9 35
76 60 76 61
49 69 49 70
79 68 79 69
6 3 6 4
96 1 95 1
59 13 58 13
73 2 72 2
57 45 57 46
19 11 19 12
43 29 43 30
31 90 30 90
57 76 57 77
38 60 38 61
87 99 86 99
77 41 77 42
68 49 67 49
36 69 35 69
55 36 54 36
92 52 91 52
20 55 20 56
67 66 67 67
61 65 61 66
52 46 52 47
17 34 17 35
38 20 37 20
74 95 74 96
58 65 58 66
16 38 15 38
44 54 44 55
100 1 100 2
71 78 71 79
10 8 10 9
39 9 38 9
2 78 1 78
38 54 37 54
27 2 26 2
23 46 22 46
74 5 73 5
6 92 5 92
31 74 30 74
39 94 38 94
40 43 40 44
96 46 95 46
73 86 73 87
85 77 85 78
34 19 34 20
62 0 62 1
71 99 71 100
94 2 94 3
45 41 44 41
20 23 19 23
13 97 12 97
64 14 64 15
89 5 88 5
21 41 21 42
67 82 67 83
38 77 38 78
99 28 98 28
23 65 23 66
6 70 6 71
97 31 96 31
51 18 50 18
3 22 2 22
18 0 18 1
32 61 32 62
88 42 87 42
68 83 68 84
13 45 13 46
6 7 6 8
48 24 47 24
75 91 74 91
38 63 38 64
6 62 5 62
21 96 20 96
16 33 15 33
55 72 55 73
84 27 84 28
39 71 39 72
51 68 51 69
40 15 40 16
91 19 91 20
24 51 23 51
31 12 31 13
93 3 93 4
79 39 78 39
24 20 24 21
99 69 98 69
97 9 96 9
49 71 48 71
70 74 70 75
41 51 40 51
11 26 10 26
52 80 51 80
99 96 99 97
24 70 23 70
99 83 99 84
96 30 95 30
68 43 68 44
25 27 24 27
21 90 20 90
10 10 10 11
33 63 32 63
13 75 12 75
53 79 52 79
28 2 27 2
84 12 83 12
48 89 48 90
4 74 4 75
13 57 12 57
78 9 78 10
80 2 79 2
19 80 18 80
13 32 12 32
43 18 43 19
56 49 55 49
11 51 10 51
27 81 26 81
82 30 82 31
11 5 11 6
87 70 86 70
72 62 71 62
5 15 5 16
82 39 82 40
25 5 25 6
14 18 14 19
95 49 94 49
92 75 91 75
54 70 54 71
80 81 79 81
25 4 24 4
48 65 48 66
2 45 1 45
96 47 95 47
88 50 87 50
68 17 67 17
68 78 68 79
35 28 34 28
53 51 53 52
30 76 29 76
91 52 91 53
25 97 24 97
85 28 85 29
12 21 12 22
64 21 63 21
46 78 46 79
85 24 84 24
36 37 35 37
37 62 36 62
89 51 89 52
84 95 84 96
28 32 28 33
65 22 64 22
44 57 44 58
89 41 89 42
73 61 72 61
8 91 7 91
59 2 59 3
54 99 54 100
20 46 19 46
28 43 28 44
21 23 20 23
100 3 100 4
75 21 75 22
4 83 3 83
60 80 60 81
31 72 31 73
59 21 58 21
87 4 86 4
58 28 57 28
60 8 60 9
74 41 74 42
40 91 39 91
10 59 9 59
63 30 62 30
66 47 65 47
16 0 16 1
53 4 52 4
80 28 80 29
90 62 89 62
87 41 87 42
17 37 16 37
1 35 1 36
50 53 49 53
29 58 29 59
14 38 13 38
89 67 89 68
57 57 56 57
17 4 16 4
16 39 15 39
96 11 95 11
50 97 49 97
93 50 92 50
26 94 26 95
29 30 29 31
32 5 32 6
42 94 41 94
51 3 51 4
29 0 29 1
59 51 58 51
65 55 64 55
87 24 87 25
34 83 33 83
17 86 17 87
56 71 56 72
36 18 36 19
61 39 60 39
87 97 87 98
18 89 17 89
36 9 35 9
80 18 80 19
55 12 54 12
57 22 57 23
92 83 91 83
89 86 89 87
92 23 92 24
57 19 57 20
81 93 81 94
16 93 15 93
70 60 69 60
6 67 6 68
51 10 51 11
40 33 39 33
29 63 29 64
47 91 46 91
6 16 5 16
54 22 54 23
22 72 22 73
86 34 85 34
66 87 66 88
95 91 95 92
86 64 86 65
84 10 84 11
96 56 95 56
82 92 82 93
38 50 37 50
14 71 14 72
26 6 25 6
23 84 23 85
54 21 54 22
94 27 94 28
85 48 85 49
19 96 18 96
62 17 61 17
67 6 66 6
76 9 75 9
31 61 30 61
50 44 49 44
69 53 68 53
14 98 13 98
84 16 84 17
38 11 38 12
72 98 71 98
96 98 95 98
70 67 70 68
35 65 35 66
13 0 13 1
73 40 73 41
40 69 39 69
16 8 16 9
85 51 85 52
69 95 69 96
49 82 49 83
57 85 57 86
63 77 62 77
27 55 26 55
39 4 39 5
18 43 18 44
47 91 47 92
65 23 64 23
15 80 14 80
99 12 98 12
67 62 66 62
70 58 70 59
18 27 18 28
12 97 11 97
74 26 73 26
58 36 58 37
33 17 33 18
64 12 64 13
49 45 49 46
71 58 71 59
57 5 57 6
64 19 63 19
34 6 33 6
32 70 32 71
59 3 59 4
75 37 75 38
73 45 72 45
5 30 5 31
10 49 9 49
77 37 77 38
30 79 29 79
97 92 97 93
40 35 40 36
47 57 47 58
40 2 39 2
9 14 8 14
35 42 35 43
76 10 75 10
84 68 83 68
26 98 26 99
15 37 15 38
15 26 14 26
45 7 44 7
2 89 1 89
73 34 72 34
87 96 87 97
64 23 63 23
44 28 44 29
39 9 39 10
1 19 1 20
47 69 46 69
89 39 89 40
74 19 73 19
25 1 24 1
62 88 62 89
99 52 99 53
30 82 29 82
83 68 83 69
35 11 35 12
46 40 45 40
80 83 80 84
5 75 5 76
84 52 84 53
12 1 12 2
73 37 72 37
37 54 37 55
61 45 61 46
1 99 0 99
5 4 5 5
60 88 59 88
37 19 37 20
49 65 49 66
83 42 82 42
41 28 41 29
99 66 98 66
79 90 79 91
74 66 74 67
20 42 19 42
59 85 58 85
94 76 94 77
17 81 17 82
93 71 92 71
2 41 2 42
32 75 32 76
26 33 25 33
18 52 18 53
77 6 77 7
96 99 96 100
54 69 54 70
26 99 25 99
86 56 86 57
26 13 25 13
85 54 85 55
33 21 32 21
4 38 4 39
52 7 51 7
23 3 23 4
51 59 51 60
44 29 44 30
22 38 21 38
11 9 11 10
45 79 44 79
35 3 34 3
11 93 10 93
83 68 82 68
36 60 35 60
46 80 45 80
63 98 62 98
64 81 63 81
32 62 32 63
56 45 56 46
59 61 58 61
74 22 73 22
7 82 6 82
24 14 23 14
15 74 15 75
49 53 49 54
97 41 96 41
8 4 7 4
41 0 41 1
40 59 40 60
27 15 26 15
60 43 60 44
82 43 81 43
18 4 17 4
57 93 57 94
58 32 57 32
44 82 44 83
45 24 45 25
81 31 81 32
85 15 85 16
55 9 55 10
33 84 33 85
91 71 91 72
73 24 72 24
71 67 71 68
45 78 45 79
95 27 94 27
1 39 0 39
18 56 17 56
63 56 63 57
91 97 90 97
64 79 63 79
61 21 61 22
45 88 44 88
36 30 36 31
47 92 47 93
11 87 10 87
15 62 14 62
83 71 82 71
65 24 64 24
96 49 96 50
1 75 0 75
58 40 57 40
49 92 48 92
16 45 15 45
84 47 84 48
91 30 90 30
10 18 10 19
53 84 52 84
79 9 79 10
15 18 15 19
50 33 50 34
22 6 21 6
70 5 69 5
1 65 1 66
43 21 43 22
36 98 36 99
25 7 25 8
11 2 10 2
73 36 73 37
96 14 96 15
1 87 1 88
74 59 74 60
98 36 97 36
59 79 58 79
54 49 53 49
46 89 45 89
99 69 99 70
12 78 12 79
75 93 74 93
26 2 25 2
88 29 87 29
75 35 74 35
15 36 14 36
23 91 22 91
79 51 79 52
47 26 47 27
30 61 29 61
29 12 28 12
32 27 31 27
39 93 39 94
94 74 94 75
28 38 27 38
69 46 68 46
13 33 13 34
20 40 19 40
29 20 29 21
33 13 33 14
32 84 32 85
97 64 97 65
92 3 91 3
25 70 25 71
43 45 43 46
17 84 17 85
37 50 36 50
88 54 88 55
77 90 77 91
32 69 32 70
74 61 74 62
55 69 54 69
80 93 80 94
65 74 64 74
41 88 40 88
12 38 12 39
80 76 80 77
91 97 91 98
54 26 54 27
52 98 51 98
41 30 41 31
62 74 61 74
35 86 34 86
68 38 68 39
34 78 34 79
54 31 54 32
48 98 47 98
16 11 16 12
61 72 60 72
65 33 64 33
65 1 65 2
18 20 17 20
91 64 91 65
78 66 78 67
93 59 93 60
24 81 24 82
40 26 40 27
2 17 2 18
52 92 51 92
94 87 93 87
97 11 97 12
82 54 82 55
75 53 74 53
26 59 26 60
11 24 10 24
75 61 75 62
69 18 68 18
73 8 73 9
36 90 36 91
83 36 82 36
46 21 45 21
72 80 71 80
73 31 73 32
31 29 31 30
53 91 52 91
99 95 98 95
73 99 72 99
67 21 66 21
7 27 7 28
96 72 96 73
67 25 67 26
63 34 63 35
23 54 23 55
49 81 49 82
29 93 29 94
97 76 96 76
29 32 28 32
47 42 46 42
75 62 75 63
33 56 32 56
67 24 67 25
10 13 10 14
96 49 95 49
75 28 75 29
2 83 2 84
85 37 84 37
45 37 44 37
64 17 63 17
67 56 66 56
24 77 24 78
87 42 87 43
92 50 92 51
61 14 60 14
73 66 73 67
75 97 75 98
49 18 49 19
95 22 94 22
89 58 89 59
91 72 91 73
17 5 17 6
30 52 30 53
96 62 95 62
27 1 27 2
31 67 31 68
47 52 46 52
72 73 71 73
17 63 17 64
98 9 98 10
97 12 97 13
29 99 29 100
67 85 66 85
71 2 71 3
57 98 56 98
81 52 80 52
89 73 89 74
66 32 65 32
72 67 72 68
41 54 41 55
72 52 71 52
63 90 63 91
89 55 89 56
94 12 94 13
18 14 18 15
33 22 32 22
94 83 94 84
80 70 80 71
7 4 7 5
14 35 13 35
98 74 98 75
14 29 14 30
72 99 71 99
31 80 30 80
7 42 7 43
24 19 24 20
66 82 66 83
98 83 98 84
33 36 33 37
55 70 55 71
85 63 84 63
58 77 58 78
31 35 30 35
4 58 3 58
51 45 51 46
54 18 53 18
9 51 9 52
59 55 58 55
11 89 11 90
48 62 48 63
67 40 66 40
38 74 38 75
11 54 11 55
79 22 78 22
52 85 52 86
40 58 39 58
33 75 33 76
23 94 22 94
61 23 61 24
35 28 35 29
97 56 96 56
14 39 14 40
45 90 45 91
7 32 6 32
67 61 67 62
83 79 83 80
5 43 4 43
49 3 49 4
92 50 91 50
51 51 50 51
83 32 83 33
54 10 53 10
15 35 15 36
82 23 82 24
90 27 89 27
97 84 96 84
8 83 7 83
84 3 84 4
91 25 91 26
94 78 93 78
88 40 87 40
55 31 55 32
95 51 95 52
10 0 9 0
46 73 46 74
68 30 68 31
24 18 23 18
5 81 5 82
59 15 58 15
91 19 90 19
1 94 1 95
81 52 81 53
88 9 88 10
45 47 44 47
83 16 82 16
92 60 92 61
71 66 71 67
88 31 88 32
17 75 17 76
25 96 24 96
28 62 28 63
14 85 13 85
89 18 89 19
43 11 42 11
65 52 65 53
59 49 58 49
74 22 74 23
71 8 71 9
43 40 43 41
56 95 56 96
55 50 54 50
12 83 12 84
34 63 34 64
95 20 94 20
57 50 57 51
43 90 43 91
19 31 18 31
18 29 18 30
65 31 65 32
34 87 33 87
93 63 93 64
70 18 69 18
85 89 84 89
60 66 59 66
98 10 98 11
74 86 74 87
31 63 31 64
67 48 66 48
77 26 76 26
97 59 97 60
24 79 23 79
76 32 76 33
40 70 39 70
32 34 31 34
78 61 78 62
21 31 20 31
48 71 48 72
80 33 80 34
53 78 53 79
47 63 46 63
95 4 94 4
31 16 31 17
78 49 78 50
9 4 9 5
94 85 93 85
71 26 70 26
77 77 76 77
91 60 90 60
9 17 9 18
65 41 65 42
85 3 84 3
72 75 72 76
36 53 35 53
27 14 27 15
69 1 69 2
31 99 30 99
85 74 84 74
1 98 1 99
31 62 31 63
38 15 37 15
43 87 43 88
70 27 69 27
59 71 59 72
73 79 72 79
23 93 23 94
20 5 19 5
75 32 75 33
100 73 100 74
95 7 94 7
84 55 84 56
98 3 97 3
54 48 53 48
82 37 81 37
56 60 56 61
64 39 63 39
44 41 44 42
16 1 16 2
37 24 36 24
58 38 57 38
95 74 95 75
45 56 44 56
47 82 46 82
50 89 49 89
73 12 72 12
12 67 12 68
44 97 44 98
22 71 22 72
57 46 57 47
63 6 63 7
12 63 11 63
2 31 2 32
47 37 47 38
92 49 92 50
54 61 53 61
3 16 3 17
57 80 56 80
66 49 65 49
73 24 73 25
29 94 28 94
10 10 9 10
12 50 11 50
33 51 32 51
60 31 59 31
7 60 7 61
2 32 1 32
22 83 22 84
15 85 15 86
59 42 58 42
91 73 90 73
14 16 14 17
36 61 35 61
36 41 35 41
73 70 73 71
35 31 35 32
48 86 47 86
80 51 79 51
80 55 80 56
9 98 9 99
52 60 51 60
89 34 89 35
86 89 85 89
91 7 91 8
26 68 26 69
56 20 55 20
60 48 59 48
81 22 80 22
44 64 43 64
79 78 79 79
64 98 64 99
65 18 64 18
36 31 36 32
76 73 75 73
4 56 3 56
5 73 4 73
87 78 86 78
78 17 77 17
42 98 41 98
43 86 43 87
23 33 22 33
95 9 95 10
89 68 89 69
85 52 85 53
86 25 86 26
46 60 46 61
83 29 83 30
58 27 57 27
75 33 74 33
82 68 81 68
94 42 94 43
42 88 41 88
27 84 27 85
13 54 13 55
91 29 91 30
100 59 100 60
75 68 75 69
9 12 8 12
12 81 12 82
12 89 11 89
86 88 86 89
84 99 83 99
25 40 25 41
79 0 79 1
45 77 45 78
73 90 73 91
73 31 72 31
17 89 16 89
29 14 28 14
36 93 35 93
57 23 56 23
26 75 26 76
52 86 51 86
41 55 40 55
47 20 46 20
81 82 81 83
5 71 4 71
68 3 68 4
42 83 41 83
9 6 9 7
23 63 23 64
82 29 81 29
39 63 38 63
23 69 23 70
54 53 54 54
83 54 83 55
38 56 38 57
29 7 28 7
90 11 90 12
10 63 9 63
66 50 65 50
88 63 88 64
2 32 2 33
96 19 95 19
23 70 22 70
18 75 17 75
28 35 28 36
7 55 6 55
65 33 65 34
32 37 31 37
33 85 33 86
73 63 72 63
10 51 9 51
43 53 42 53
23 48 22 48
76 36 76 37
48 75 48 76
71 82 71 83
39 11 39 12
46 60 45 60
19 80 19 81
36 10 36 11
80 22 80 23
31 76 31 77
99 7 98 7
35 15 34 15
18 55 17 55
70 34 69 34
47 27 47 28
15 12 14 12
63 40 63 41
3 17 2 17
43 49 43 50
63 55 63 56
81 51 80 51
96 76 95 76
76 41 76 42
93 40 93 41
40 78 40 79
82 38 81 38
49 93 48 93
33 67 32 67
84 19 83 19
99 62 99 63
82 73 81 73
75 76 75 77
89 9 89 10
31 64 31 65
80 72 80 73
80 42 79 42
21 32 20 32
89 96 88 96
50 65 50 66
74 62 74 63
96 81 96 82
4 98 3 98
88 75 87 75
95 15 94 15
76 21 76 22
70 90 69 90
26 82 26 83
76 67 76 68
53 81 52 81
65 59 64 59
83 21 82 21
94 34 93 34
77 58 77 59
42 63 42 64
87 27 87 28
98 13 97 13
47 32 47 33
94 73 94 74
69 76 68 76
100 26 100 27
47 39 46 39
62 2 62 3
39 74 39 75
67 20 67 21
89 16 88 16
60 20 59 20
59 66 59 67
81 13 81 14
16 68 15 68
58 86 58 87
62 37 62 38
50 41 49 41
7 95 6 95
66 22 66 23
58 12 58 13
90 33 90 34
70 76 69 76
38 91 37 91
56 4 55 4
20 68 20 69
43 91 42 91
7 98 6 98
62 62 62 63
70 23 69 23
90 34 90 35
53 96 53 97
89 39 88 39
92 17 92 18
13 31 13 32
42 71 42 72
40 45 40 46
45 30 45 31
86 73 85 73
59 69 58 69
31 29 30 29
21 92 21 93
53 36 53 37
79 73 79 74
49 14 48 14
25 35 24 35
62 84 61 84
73 74 72 74
26 72 26 73
95 54 95 55
37 49 36 49
9 48 8 48
40 4 40 5
8 22 7 22
57 38 57 39
66 51 66 52
36 82 35 82
27 65 27 66
100 62 99 62
21 9 21 10
58 6 58 7
10 24 9 24
71 51 70 51
19 24 18 24
57 36 56 36
55 98 54 98
77 3 77 4
26 45 25 45
29 91 29 92
67 31 66 31
40 14 39 14
52 97 52 98
34 74 33 74
30 44 29 44
57 44 56 44
8 47 7 47
1 42 1 43
68 19 68 20
77 76 77 77
1 46 0 46
25 67 25 68
30 99 29 99
23 89 23 90
17 38 16 38
26 35 26 36
14 89 14 90
34 94 33 94
33 89 32 89
80 7 80 8
49 71 49 72
48 56 47 56
73 46 72 46
30 74 29 74
79 3 79 4
39 38 39 39
19 29 18 29
76 90 76 91
10 25 9 25
22 11 21 11
42 46 42 47
96 35 95 35
40 13 40 14
12 28 11 28
50 62 50 63
82 47 81 47
88 77 88 78
35 30 35 31
99 5 99 6
21 94 20 94
94 48 93 48
78 19 78 20
44 81 43 81
22 67 21 67
45 99 45 100
78 12 77 12
15 17 15 18
79 58 78 58
52 90 51 90
52 62 51 62
27 85 27 86
51 5 50 5
3 36 3 37
36 96 36 97
40 16 40 17
9 60 8 60
38 52 38 53
20 29 19 29
8 91 8 92
47 58 46 58
20 50 19 50
20 69 20 70
91 7 90 7
72 63 72 64
41 11 40 11
36 8 35 8
38 4 37 4
14 23 13 23
100 19 100 20
86 44 86 45
13 63 12 63
59 94 59 95
11 17 11 18
27 76 26 76
87 92 87 93
90 17 90 18
65 93 65 94
66 24 66 25
86 2 86 3
17 64 16 64
7 24 6 24
95 87 95 88
42 89 41 89
46 10 45 10
30 20 30 21
58 68 57 68
30 3 29 3
36 39 35 39
55 67 55 68
53 13 52 13
4 11 3 11
84 20 84 21
38 49 37 49
75 66 75 67
23 18 22 18
44 7 43 7
75 74 75 75
17 24 17 25
43 6 42 6
34 88 34 89
53 53 52 53
11 99 11 100
43 78 43 79
95 59 95 60
28 18 27 18
96 63 96 64
1 32 1 33
17 20 17 21
45 6 44 6
89 80 89 81
22 33 22 34
41 42 41 43
76 19 76 20
25 74 24 74
3 59 3 60
40 3 40 4
14 64 14 65
86 11 85 11
16 87 15 87
90 42 90 43
72 36 72 37
22 56 21 56
64 70 64 71
2 8 1 8
85 42 84 42
55 35 55 36
37 79 36 79
29 78 29 79
76 97 75 97
70 74 69 74
53 92 53 93
26 4 25 4
86 36 86 37
93 6 92 6
22 23 22 24
14 21 14 22
4 30 3 30
79 40 79 41
85 56 85 57
57 72 57 73
59 37 59 38
24 68 24 69
97 17 97 18
1 6 0 6
7 13 6 13
45 63 44 63
1 22 1 23
87 64 86 64
60 92 59 92
35 2 35 3
30 73 29 73
99 46 99 47
12 37 12 38
51 42 51 43
10 60 9 60
77 48 77 49
11 65 11 66
97 94 96 94
81 89 80 89
67 29 66 29
50 1 50 2
16 40 16 41
81 97 80 97
22 16 22 17
49 25 48 25
53 35 53 36
73 94 73 95
89 88 89 89
12 54 12 55
30 7 29 7
46 31 46 32
90 18 89 18
10 90 9 90
46 70 45 70
66 15 66 16
82 20 82 21
53 31 52 31
68 21 67 21
97 72 97 73
93 96 93 97
3 35 2 35
77 0 77 1
67 50 66 50
50 47 50 48
77 89 76 89
76 64 76 65
82 40 82 41
87 72 86 72
64 80 64 81
62 87 62 88
14 26 14 27
44 11 43 11
35 38 35 39
39 20 39 21
27 78 26 78
19 98 18 98
76 27 75 27
22 26 22 27
64 39 64 40
6 43 6 44
55 2 54 2
52 84 52 85
67 62 67 63
24 43 23 43
57 32 57 33
51 6 50 6
78 94 77 94
43 15 42 15
8 23 7 23
78 74 77 74
10 56 10 57
54 85 53 85
47 70 47 71
66 71 65 71
38 60 37 60
16 51 16 52
42 54 42 55
69 97 69 98
46 1 46 2
93 92 93 93
63 55 62 55
61 60 60 60
82 79 82 80
53 60 53 61
67 74 67 75
48 24 48 25
99 90 99 91
88 70 88 71
48 4 48 5
84 29 84 30
88 56 88 57
47 16 47 17
11 91 10 91
23 94 23 95
48 3 47 3
61 50 61 51
94 46 94 47
51 5 51 6
92 31 92 32
33 61 33 62
14 73 13 73
45 72 44 72
45 64 45 65
85 59 84 59
71 66 70 66
10 2 10 3
41 59 40 59
98 1 97 1
90 6 90 7
56 44 56 45
45 44 44 44
44 40 44 41
36 78 36 79
67 34 67 35
51 26 51 27
56 63 55 63
99 71 98 71
85 26 84 26
49 31 48 31
60 22 60 23
53 56 53 57
28 91 28 92
7 71 7 72
100 8 100 9
3 3 3 4
75 46 75 47
21 37 21 38
68 81 68 82
77 39 77 40
46 45 45 45
69 11 69 12
92 76 91 76
59 44 59 45
81 57 80 57
47 61 46 61
6 88 5 88
10 31 10 32
74 74 74 75
91 84 91 85
65 14 64 14
41 39 41 40
55 71 55 72
19 65 18 65
53 87 52 87
91 58 91 59
93 26 93 27
92 72 91 72
53 57 53 58
24 96 23 96
83 55 82 55
65 80 65 81
17 5 16 5
52 17 52 18
41 6 40 6
18 81 18 82
49 33 48 33
37 64 36 64
10 17 9 17
57 70 57 71
97 24 96 24
58 79 58 80
56 14 55 14
61 3 60 3
51 90 51 91
41 87 41 88
87 77 87 78
93 46 92 46
83 69 83 70
79 10 78 10
61 10 60 10
25 79 25 80
49 26 49 27
36 40 35 40
17 48 16 48
47 56 47 57
43 40 42 40
76 28 76 29
79 2 79 3
92 93 92 94
8 89 7 89
55 25 55 26
73 10 72 10
78 18 77 18
43 28 42 28
15 88 15 89
62 8 61 8
60 10 59 10
31 47 31 48
39 76 39 77
68 50 68 51
70 21 70 22
37 3 36 3
56 19 55 19
76 29 75 29
99 17 99 18
94 37 93 37
94 47 94 48
42 42 41 42
23 72 23 73
22 59 22 60
49 77 48 77
47 19 47 20
72 29 72 30
39 98 39 99
54 75 54 76
77 43 76 43
97 33 96 33
16 29 16 30
45 87 45 88
46 73 45 73
99 81 98 81
94 71 94 72
66 42 66 43
14 25 14 26
88 24 87 24
93 23 92 23
37 44 36 44
16 15 16 16
75 23 75 24
90 32 89 32
58 3 57 3
4 39 4 40
30 54 29 54
11 18 11 19
20 14 20 15
16 25 15 25
69 80 69 81
40 68 40 69
61 55 61 56
53 77 52 77
35 50 34 50
89 97 89 98
11 46 11 47
33 53 32 53
97 79 96 79
21 9 20 9
76 56 76 57
19 25 19 26
51 40 51 41
40 92 39 92
72 14 72 15
5 57 5 58
43 67 42 67
53 11 53 12
19 87 18 87
57 60 56 60
3 86 2 86
28 65 27 65
23 22 23 23
47 1 46 1
58 98 57 98
69 82 68 82
88 45 88 46
84 21 84 22
20 26 19 26
99 49 98 49
93 93 92 93
65 24 65 25
89 20 88 20
10 57 9 57
70 22 70 23
23 15 22 15
5 11 4 11
49 56 49 57
46 38 45 38
93 73 93 74
38 7 37 7
50 60 49 60
25 39 25 40
65 60 64 60
14 90 14 91
1 71 1 72
32 69 31 69
13 53 12 53
27 73 27 74
79 36 79 37
56 63 56 64
26 90 26 91
6 41 5 41
30 50 30 51
27 32 27 33
93 94 93 95
25 33 24 33
24 3 23 3
47 78 47 79
87 36 86 36
92 99 92 100
65 74 65 75
50 14 49 14
14 56 14 57
39 29 38 29
29 95 28 95
86 39 86 40
15 66 15 67
34 18 33 18
66 23 65 23
31 31 30 31
81 80 81 81
16 13 15 13
45 8 44 8
67 57 67 58
85 67 85 68
61 53 61 54
46 16 46 17
14 62 14 63
58 9 57 9
86 93 86 94
88 20 87 20
77 98 77 99
16 54 15 54
71 23 71 24
38 96 38 97
95 38 94 38
41 68 41 69
71 59 70 59
37 11 37 12
73 44 73 45
89 47 88 47
81 13 80 13
6 47 6 48
3 15 2 15
33 96 33 97
94 67 94 68
83 53 83 54
19 61 18 61
23 26 23 27
52 61 51 61
63 88 63 89
71 75 71 76
88 50 88 51
83 40 82 40
52 78 52 79
29 31 29 32
59 12 58 12
15 91 15 92
67 32 66 32
82 77 82 78
32 11 31 11
75 47 74 47
46 39 45 39
18 98 18 99
98 86 98 87
63 77 63 78
90 80 89 80
6 87 6 88
35 35 34 35
36 92 35 92
20 82 20 83
60 9 59 9
59 43 59 44
70 73 70 74
43 85 43 86
15 14 14 14
61 44 60 44
87 6 86 6
96 64 96 65
81 6 80 6
93 5 92 5
62 10 62 11
79 67 79 68
28 65 28 66
96 50 96 51
88 23 88 24
44 21 44 22
36 71 36 72
45 96 44 96
43 2 43 3
4 60 3 60
60 64 59 64
42 57 42 58
81 88 80 88
95 77 94 77
60 14 59 14
29 86 29 87
98 7 98 8
26 30 26 31
99 89 98 89
30 52 29 52
31 34 30 34
35 84 34 84
33 73 33 74
22 23 21 23
13 51 12 51
37 43 37 44
43 94 43 95
18 22 17 22
2 27 1 27
57 16 57 17
9 42 9 43
67 46 67 47
78 6 77 6
9 83 8 83
57 3 57 4
13 67 13 68
69 28 68 28
20 70 20 71
10 37 9 37
19 11 18 11
69 73 69 74
47 23 47 24
70 14 70 15
36 1 36 2
68 88 67 88
87 53 86 53
82 5 81 5
77 87 76 87
55 36 55 37
30 19 30 20
4 33 4 34
22 31 22 32
58 97 57 97
39 37 39 38
38 2 38 3
84 35 84 36
73 79 73 80
85 25 84 25
47 31 46 31
5 12 5 13
51 91 51 92
14 52 13 52
9 17 8 17
68 76 68 77
32 7 32 8
99 55 99 56
57 16 56 16
14 33 13 33
3 38 3 39
89 93 88 93
21 13 21 14
42 45 42 46
5 69 4 69
93 81 92 81
61 37 60 37
18 18 18 19
62 56 62 57
50 96 49 96
32 62 31 62
80 48 79 48
52 0 51 0
80 37 80 38
38 48 38 49
37 28 36 28
64 16 64 17
30 10 29 10
60 72 60 73
54 2 53 2
84 73 84 74
100 58 100 59
98 6 97 6
7 69 6 69
36 44 36 45
79 12 78 12
63 73 63 74
5 62 4 62
78 72 77 72
34 43 33 43
12 25 11 25
15 30 14 30
18 71 17 71
96 60 95 60
59 95 59 96
77 70 76 70
89 48 89 49
28 52 27 52
33 87 33 88
93 80 92 80
19 16 18 16
9 64 9 65
55 60 55 61
3 4 2 4
66 38 66 39
2 19 2 20
32 92 32 93
31 38 31 39
59 36 59 37
11 55 10 55
97 54 96 54
12 44 12 45
25 29 24 29
43 44 43 45
29 39 28 39
64 34 63 34
30 15 29 15
2 12 2 13
54 19 54 20
34 32 34 33
84 61 83 61
53 90 53 91
70 57 69 57
60 73 59 73
34 11 33 11
41 70 41 71
79 88 79 89
25 50 24 50
8 61 8 62
74 7 74 8
35 21 34 21
76 56 75 56
19 60 19 61
90 95 90 96
36 15 36 16
25 41 24 41
78 8 78 9
9 59 9 60
12 86 12 87
86 31 86 32
39 85 39 86
42 67 41 67
12 64 11 64
54 52 54 53
9 92 9 93
53 34 53 35
63 53 62 53
22 7 21 7
21 38 20 38
50 29 49 29
21 34 21 35
23 24 22 24
56 51 56 52
2 72 2 73
47 83 47 84
13 20 12 20
92 38 91 38
66 4 65 4
87 74 86 74
51 25 51 26
33 3 32 3
63 47 62 47
50 49 49 49
64 66 64 67
99 37 99 38
28 58 28 59
76 45 75 45
9 46 9 47
24 91 23 91
91 88 91 89
30 67 29 67
92 11 91 11
94 85 94 86
99 56 99 57
65 22 65 23
52 73 52 74
63 36 62 36
4 34 4 35
11 40 10 40
70 90 70 91
78 20 78 21
69 58 68 58
81 33 80 33
2 60 2 61
29 22 28 22
24 5 23 5
71 34 71 35
27 52 27 53
33 82 32 82
17 88 16 88
63 16 62 16
53 42 52 42
30 23 29 23
71 28 71 29
54 53 53 53
1 12 0 12
77 41 76 41
20 43 20 44
31 28 31 29
57 59 57 60
93 38 93 39
84 26 83 26
42 17 42 18
5 61 4 61
92 32 91 32
8 75 8 76
10 60 10 61
85 81 85 82
34 8 34 9
86 15 85 15
13 88 13 89
92 6 92 7
88 72 87 72
22 10 22 11
70 30 69 30
100 38 99 38
47 97 47 98
79 87 78 87
35 24 35 25
20 71 20 72
26 53 25 53
27 18 27 19
20 15 19 15
1 44 0 44
87 60 87 61
91 31 90 31
57 56 56 56
13 42 12 42
71 58 70 58
50 57 49 57
55 3 54 3
89 76 89 77
27 52 26 52
11 79 10 79
54 28 54 29
55 79 55 80
75 24 74 24
52 96 51 96
11 24 11 25
7 76 7 77
93 64 93 65
53 88 53 89
63 70 62 70
45 42 44 42
88 29 88 30
90 25 89 25
17 50 17 51
52 63 51 63
49 97 49 98
46 58 45 58
78 42 78 43
50 97 50 98
65 38 65 39
86 51 86 52
77 4 76 4
32 15 31 15
87 85 87 86
8 53 8 54
71 76 70 76
67 21 67 22
83 48 82 48
53 41 53 42
29 34 29 35
41 33 40 33
17 49 17 50
95 86 95 87
9 27 9 28
20 3 19 3
89 44 89 45
37 5 37 6
5 47 4 47
66 61 66 62
52 95 51 95
85 17 85 18
81 50 81 51
65 30 64 30
34 75 33 75
26 45 26 46
81 18 80 18
68 52 68 53
5 98 4 98
79 65 78 65
13 35 12 35
76 16 76 17
99 46 98 46
13 16 12 16
33 50 32 50
91 49 91 50
7 46 6 46
15 92 14 92
28 21 27 21
72 41 72 42
7 38 6 38
41 37 41 38
71 77 71 78
77 55 76 55
52 65 52 66
46 45 46 46
3 66 3 67
85 90 85 91
79 30 78 30
60 75 59 75
65 51 65 52
23 42 23 43
8 2 8 3
60 79 60 80
86 40 85 40
75 44 75 45
9 90 8 90
79 82 79 83
78 58 78 59
94 8 94 9
9 96 8 96
30 49 29 49
9 99 9 100
86 16 86 17
96 67 96 68
13 12 12 12
56 15 56 16
25 18 25 19
38 32 38 33
45 58 45 59
63 86 62 86
35 19 35 20
1 4 1 5
4 18 4 19
77 59 77 60
92 40 92 41
79 4 78 4
74 95 73 95
20 75 19 75
5 30 4 30
64 8 64 9
28 62 27 62
25 65 25 66
3 84 2 84
46 42 46 43
30 73 30 74
60 77 59 77
79 56 78 56
62 85 61 85
87 87 86 87
24 79 24 80
49 61 49 62
5 21 4 21
94 96 93 96
66 37 65 37
57 87 57 88
67 33 67 34
29 4 28 4
85 21 85 22
94 31 94 32
79 55 78 55
60 25 60 26
34 89 34 90
60 47 60 48
85 85 85 86
46 55 45 55
84 50 83 50
23 27 23 28
50 75 50 76
1 63 0 63
76 64 75 64
65 31 64 31
69 19 68 19
36 75 35 75
81 87 80 87
72 51 72 52
57 81 56 81
76 37 75 37
97 35 96 35
94 32 93 32
52 52 51 52
42 33 42 34
73 55 72 55
62 36 62 37
63 42 63 43
1 23 0 23
67 82 66 82
87 31 87 32
77 52 76 52
9 67 8 67
96 9 96 10
7 55 7 56
23 71 23 72
73 59 73 60
46 13 45 13
5 77 4 77
14 41 13 41
5 49 4 49
24 60 24 61
81 44 81 45
7 52 6 52
19 76 19 77
28 25 27 25
67 52 67 53
90 13 89 13
73 4 72 4
88 66 87 66
90 91 90 92
54 15 53 15
72 94 72 95
78 39 78 40
55 78 55 79
55 94 55 95
41 89 40 89
44 21 43 21
39 72 38 72
49 74 49 75
5 81 4 81
96 48 95 48
31 73 30 73
93 99 92 99
70 6 69 6
10 24 10 25
15 85 14 85
40 75 40 76
86 41 86 42
52 64 51 64
88 22 87 22
63 18 62 18
88 15 87 15
45 16 44 16
60 35 60 36
44 23 43 23
92 98 91 98
14 53 13 53
81 85 81 86
25 34 25 35
70 76 70 77
14 86 13 86
94 30 94 31
66 84 66 85
43 39 43 40
100 68 99 68
91 13 91 14
79 72 78 72
39 44 39 45
58 8 57 8
90 61 89 61
84 87 83 87
80 30 79 30
70 13 69 13
32 60 32 61
93 68 92 68
20 13 20 14
21 10 21 11
34 35 34 36
37 66 36 66
83 23 83 24
42 33 41 33
1 2 0 2
6 80 5 80
89 33 88 33
2 84 1 84
5 35 4 35
16 27 15 27
49 16 48 16
10 22 10 23
85 25 85 26
13 16 13 17
16 17 16 18
94 72 93 72
41 5 41 6
12 65 11 65
53 72 53 73
44 56 43 56
32 0 32 1
46 15 46 16
83 69 82 69
70 37 70 38
15 0 14 0
23 61 23 62
59 16 59 17
37 85 37 86
93 21 93 22
11 63 10 63
68 33 68 34
43 31 43 32
13 34 12 34
26 18 25 18
29 51 28 51
54 9 53 9
72 57 71 57
29 80 28 80
49 50 48 50
98 33 97 33
17 47 17 48
56 83 55 83
24 80 24 81
58 60 57 60
88 31 87 31
84 34 84 35
52 12 52 13
79 22 79 23
77 7 77 8
26 5 25 5
15 79 14 79
54 7 54 8
86 84 85 84
66 74 66 75
35 34 34 34
39 3 38 3
80 72 79 72
34 71 33 71
70 67 69 67
27 16 26 16
88 14 88 15
22 40 21 40
